65553117
73575440
15727731
89896124
16634396
92502810
51235420
3015209
21910831
81358820
36568687
9910095
57767541
78123795
64200157
10118640
89750203
73753934
62107572
78550654
1513316
19964006
95337582
22192723
45425487
49325735
92597261
57884712
93998529
44066285
29218695
89849500
68616338
75761792
23528308
88443548
87976477
64018206
90754855
96676628
99191293
7642613
8940600
69219987
15424749
35159948
56463795
12754127
43999577
85667019
92182396
32709434
54656655
41246857
95185710
87299019
15374337
45247245
69405203
84770256
359229
92120882
90311061
2586860
27601100
46352096
53757735
79290325
10216926
62443573
22882695
36957475
2845259
96907930
38977128
50339846
54047161
22018522
69044978
91773977
76641534
49694276
40477567
32816818
80361614
30928342
50698630
59765277
30067381
74773999
8471000
94411158
18746773
3850292
76374858
80327183
8183612
11692692
82779507
54555768
85535177
74419138
15144315
45692661
36834930
33642030
14381840
45924024
55622398
51914766
70491583
74663784
45581266
91582638
23965329
23702637
43973127
23925985
73100402
84196921
31967809
16891730
36323748
66501482
59835420
63928247
70995086
2921112
54832401
3534437
81656354
85817456
50400602
80887742
44619460
23410576
79851616
37153645
2329017
40171529
29917927
39667094
90629506
89513049
38532095
20131393
97799948
76876419
71017222
38731852
90571660
39912700
32973500
79507814
40113729
91013143
7732676
89792767
94936349
82953362
48932151
33330273
12213952
43929108
6734531
59019783
99032095
20321972
92667995
68824039
50593078
25269605
46269151
26108036
76861756
37971294
57461965
47241482
29804573
50480913
30733442
35401448
97519430
3985245
57982924
13347277
26853710
9336553
69617357
38152218
51024536
90123092
18809333
47432564
51914394
27880156
92057917
32064758
88913734
18315287
62306438
79607621
46332999
41918307
26719740
27394927
796358
70340884
95250289
30553907
4461127
30192978
22255678
85123855
4042716
3664195
74578859
11334913
81559626
44017481
51520665
54167626
10965385
88513961
29464964
10890987
50847057
94242386
97011772
26076763
96326621
91813997
80099316
2253964
91362765
9129385
39443727
32495097
19331065
47438297
32196446
25069353
66453394
20139265
58945843
62395888
45146541
9111681
90091934
56315571
23620896
35557277
30907551
40370243
84052793
99184984
62635270
90686366
87331530
12112826
78938816
92104878
22873836
6669315
61722644
5739932
32030572
58371979
59021046
49238803
84032450
87872156
77345242
21745523
88517196
64618185
5794480
91475143
62601260
64735110
56608103
88519102
19140181
41765797
1566691
14826877
75302091
34705213
68976405
94462573
47062623
10698422
94997696
59940454
52033000
6921805
43582124
37568705
85783824
34274095
